1218 130 5.951
241 467 7.374
414 280 8.688
593 480 9.349
457 706 10.086
185 431 10.811
724 327 11.626
910 600 12.249
1179 598 13.04
1307 341 13.381
668 611 14.838
939 353 15.24
1095 401 16.284
636 517 17.742
869 237 18.466
911 556 19.149
446 591 20.323
1097 402 21.718
341 531 23.481
965 656 24.94
1161 288 25.288
1113 325 26.782
923 561 27.083
314 491 28.541
406 139 29.301
1255 606 30.405
801 567 30.735
506 563 31.045
1030 322 33.851
450 517 34.366
591 484 35.059
678 146 35.438
906 556 35.789
422 302 36.118
1230 327 36.511
292 735 36.861
1170 131 37.283
431 116 37.866
1261 665 38.283
338 592 38.684
1235 194 39.046
334 284 39.423
1204 342 39.782
595 514 40.123
592 193 42.278
727 434 43.782
1057 368 44.117
462 351 45.001